0118758384 0000,15
0136223988 0000,17
0144555303 0000,19
0156633035 0000,21
0178310814 0000,23
0188287791 0000,25
0198292967 0000,27
0222476712 0000,29
0228236833 0000,31
0236548243 0000,33
0238232401 0000,35
0246280731 0000,37
0246548260 0000,39
0249528355 0000,41
0250423155 0000,43
0262331135 0000,45
0262727663 0000,47
0285681820 0000,49
0286525498 0000,51
0286525498 0001,53
0299268771 0000,55
0333373070 0000,57
0334434563 0000,59
0337259322 0000,61
0337768288 0000,63
0337775470 0000,65
0338572233 0000,67
0338992251 0000,69
0357378500 0000,71
0425438001 0000,73
0425531104 0000,75
0432629345 0000,77
0432770503 0000,79
0436247788 0000,81
0452520411 0000,83
0452524788 0000,85
0452632336 0000,87
0453666623 0000,89
0453666684 0000,91
0453820176 0000,93
0454704700 0000,95
0454718800 0000,97
0454774658 0000,99
0454774659 0000,101
0459375330 0000,103
0459531503 0000,105
0462435017 0000,107
0463545454 0000,109
0470226911 0000,111
0470573208 0000,113
0470573340 0000,115
0473895810 0000,117
0475542281 0000,119
0484818093 0000,121
0486640489 0000,123
0487265808 0000,125
0489211011 0000,127
0489865663 0000,129
0492558104 0000,131
0495723549 0000,133
0527016968 0000,135
0527048131 0000,137
0533782618 0000,139
0533850908 0000,141
0542596865 0000,143
0558230573 0000,145
0564324101 0000,147
0574251983 0000,149
0587238150 0000,151
0661914851 0000,153
0667244490 0000,155
0668217248 0000,157
0668722381 0000,159
0724223293 0000,161
0734728347 0000,163
0755416656 0000,165
0755416656 0001,167
0755416656 0002,169
0757020089 0000,171
0759544611 0000,173
0759567776 0000,175
0762221446 0000,177
0764293203 0000,179
0766288015 0000,181
0766288015 0001,183
0774224107 0000,185
0782210111 0000,187
0782719200 0000,189
0788618451 0000,191
0789241101 0000,193
0791232204 0000,195
0791232206 0000,197
0795483695 0000,199
0805482203 0000,201
0823219036 0000,203
0823219036 0001,205
0823219036 0002,207
0827840991 0000,209
0859384110 0000,211
0878372800 0000,213
0886257350 0000,215
0895253633 0000,217
0899227510 0000,219
0899227510 0001,221
0899579005 0000,223
0925881502 0000,225
0929388340 0000,227
0936510238 0000,229
0975975643 0000,231
0982356237 0000,233
0988361400 0000,235
0988669280 0000,237
0988960851 0000,239
0992481058 0000,241
1.02418E+14,243
1.60364E+14,245
1.85226E+14,247
